corpus_bleu_score = [0.15703883348738698, 0.054377032047504506, 0.020423827113605422, 0.009270991649610323]
sacre_blue_score = {'score': 0.6837990776355709, 'counts': [5545, 364, 67, 15], 'totals': [27490, 26083, 24676, 23269], 'precisions': [20.17097126227719, 1.3955449909903002, 0.2715188847463122, 0.06446344922428983], 'bp': 0.8161734295960211, 'sys_len': 27490, 'ref_len': 33074}
rouge_scores = {'rouge-1': {'r': 0.12253365883075887, 'p': 0.13840873116984823, 'f': 0.12346709643518283}, 'rouge-2': {'r': 0.009910280070647419, 'p': 0.012834001507071032, 'f': 0.01060824333988359}, 'rouge-l': {'r': 0.10667755574816505, 'p': 0.11813145191586172, 'f': 0.10636921003730845}}
wer_scores = 1.060125571991061
cer_scores = 0.8197285753162086
corpus_bleu_score_with_tf = [0.4554727740939943, 0.27714593945869764, 0.1684582354544859, 0.10116045536298901]
sacre_blue_score_with_tf = {'score': 6.0819039372541495, 'counts': [12407, 3435, 931, 312], 'totals': [30578, 29171, 27764, 26357], 'precisions': [40.57492314736085, 11.775393370127867, 3.353263218556404, 1.183746253367227], 'bp': 0.9216153680712712, 'sys_len': 30578, 'ref_len': 33074}
rouge_scores_with_tf = {'rouge-1': {'r': 0.27594938472307495, 'p': 0.32990539703016547, 'f': 0.2986659000978874}, 'rouge-2': {'r': 0.07043947890383208, 'p': 0.07808592779516008, 'f': 0.07350261054920376}, 'rouge-l': {'r': 0.2592154911154317, 'p': 0.3088115739897058, 'f': 0.28015768635021765}}
wer_scores_with_tf = 0.7763115888049378
cer_scores_with_tf = 0.6036773666836258
