corpus_bleu_score = [0.16256596978328366, 0.05762022694081933, 0.02230851507613265, 0.010256409125716948]
sacre_blue_score = {'score': 0.9354068416716, 'counts': [5833, 453, 101, 27], 'totals': [26749, 25342, 23935, 22528], 'precisions': [21.806422670006356, 1.7875463657169917, 0.42197618550240235, 0.11985085227272728], 'bp': 0.789419481126336, 'sys_len': 26749, 'ref_len': 33074}
rouge_scores = {'rouge-1': {'r': 0.13577097251068587, 'p': 0.1544037496109927, 'f': 0.13660442256887642}, 'rouge-2': {'r': 0.016711429166040688, 'p': 0.01784541191526634, 'f': 0.015660601240506666}, 'rouge-l': {'r': 0.11831262233776821, 'p': 0.13219949761530644, 'f': 0.1177762706041796}}
wer_scores = 1.0449079493455358
cer_scores = 0.8213968787344558
corpus_bleu_score_with_tf = [0.4575028667602695, 0.2795529227473061, 0.1699086061934748, 0.10206633146213205]
sacre_blue_score_with_tf = {'score': 6.2795463597132395, 'counts': [12513, 3491, 939, 343], 'totals': [30516, 29109, 27702, 26295], 'precisions': [41.00471883602045, 11.992854443642859, 3.389646956898419, 1.304430500095075], 'bp': 0.9195922821431524, 'sys_len': 30516, 'ref_len': 33074}
rouge_scores_with_tf = {'rouge-1': {'r': 0.2739386856619884, 'p': 0.3305218713487171, 'f': 0.2977340135608396}, 'rouge-2': {'r': 0.07235255079711315, 'p': 0.08158685214267722, 'f': 0.07613112083615521}, 'rouge-l': {'r': 0.2564348917029763, 'p': 0.30829231325757894, 'f': 0.27833038083755424}}
wer_scores_with_tf = 0.7720194388279947
cer_scores_with_tf = 0.5994592803814617
