corpus_bleu_score = [0.16758696801580006, 0.06149977248860924, 0.02556924441093977, 0.012617701305737623]
sacre_blue_score = {'score': 1.0640962691813698, 'counts': [5953, 459, 121, 36], 'totals': [27455, 26048, 24641, 23234], 'precisions': [21.682753596794754, 1.7621314496314497, 0.4910514995332982, 0.15494533872772662], 'bp': 0.8149225715665276, 'sys_len': 27455, 'ref_len': 33074}
rouge_scores = {'rouge-1': {'r': 0.13688178109779078, 'p': 0.15268452968857002, 'f': 0.13708393440574757}, 'rouge-2': {'r': 0.016102083085038497, 'p': 0.01657088259449101, 'f': 0.014885304744026096}, 'rouge-l': {'r': 0.11774556212350064, 'p': 0.12847493004724123, 'f': 0.11656336444391335}}
wer_scores = 1.0449788939732538
cer_scores = 0.8154276654400889
corpus_bleu_score_with_tf = [0.4602707532113321, 0.28232264433835996, 0.1734980838183345, 0.10548532481816748]
sacre_blue_score_with_tf = {'score': 6.4391315274344745, 'counts': [12523, 3604, 999, 345], 'totals': [30488, 29081, 27674, 26267], 'precisions': [41.07517711886644, 12.392971355868093, 3.6098865360988652, 1.3134351086915141], 'bp': 0.9186773952551934, 'sys_len': 30488, 'ref_len': 33074}
rouge_scores_with_tf = {'rouge-1': {'r': 0.2814332051255126, 'p': 0.3384066159210565, 'f': 0.3052679385026677}, 'rouge-2': {'r': 0.07825401544097627, 'p': 0.08668274249686643, 'f': 0.0817499314860178}, 'rouge-l': {'r': 0.2629709679623773, 'p': 0.3151722288917763, 'f': 0.28489714235339764}}
wer_scores_with_tf = 0.7706360185874924
cer_scores_with_tf = 0.5992699693552777
