corpus_bleu_score = [0.15859033682154253, 0.05469504259719336, 0.021653727074959942, 0.010226550031620289]
sacre_blue_score = {'score': 0.8216897798807886, 'counts': [5657, 408, 89, 21], 'totals': [26511, 25104, 23697, 22290], 'precisions': [21.338312398626986, 1.6252390057361377, 0.37557496729543827, 0.09421265141318977], 'bp': 0.7807052371586419, 'sys_len': 26511, 'ref_len': 33074}
rouge_scores = {'rouge-1': {'r': 0.1288181099544014, 'p': 0.14751984658134698, 'f': 0.1302809236825588}, 'rouge-2': {'r': 0.014924464941305959, 'p': 0.015840366135516325, 'f': 0.013888947314820403}, 'rouge-l': {'r': 0.11318240384581027, 'p': 0.1274382881416484, 'f': 0.1133372374698144}}
wer_scores = 1.042992444397148
cer_scores = 0.8182081711371677
corpus_bleu_score_with_tf = [0.4562033354289925, 0.27782911997958376, 0.16790193442964454, 0.10150429681560605]
sacre_blue_score_with_tf = {'score': 6.09722059287922, 'counts': [12409, 3412, 895, 330], 'totals': [30524, 29117, 27710, 26303], 'precisions': [40.653256453937885, 11.718240203317649, 3.2298809094189824, 1.2546097403338021], 'bp': 0.9198535371724652, 'sys_len': 30524, 'ref_len': 33074}
rouge_scores_with_tf = {'rouge-1': {'r': 0.2725772017702334, 'p': 0.3292542079665971, 'f': 0.29651927087109503}, 'rouge-2': {'r': 0.07114954607017637, 'p': 0.08046026813198102, 'f': 0.0749144118285453}, 'rouge-l': {'r': 0.255827981231287, 'p': 0.30801696861233446, 'f': 0.27794448152541296}}
wer_scores_with_tf = 0.77439608385655
cer_scores_with_tf = 0.600754877716909
