corpus_bleu_score = [0.15946798145775246, 0.05710936870569561, 0.02013541164655815, 0.009114446900580511]
sacre_blue_score = {'score': 0.6294201531177253, 'counts': [4252, 281, 44, 9], 'totals': [22585, 21387, 20189, 18991], 'precisions': [18.826654859419968, 1.3138822649272923, 0.21794046262816386, 0.04739086935917013], 'bp': 0.8853196535420823, 'sys_len': 22585, 'ref_len': 25336}
rouge_scores = {'rouge-1': {'r': 0.11899446448608625, 'p': 0.12605863948770893, 'f': 0.11467360659385052}, 'rouge-2': {'r': 0.011879570892136398, 'p': 0.012489275505616496, 'f': 0.011188693747739382}, 'rouge-l': {'r': 0.10312362596111055, 'p': 0.10755067441459677, 'f': 0.09846214118489584}}
wer_scores = 1.1137164040778498
cer_scores = 0.8677415604046355
corpus_bleu_score_with_tf = [0.4346503888002386, 0.2534273440507872, 0.15027078217188583, 0.0867389222386391]
sacre_blue_score_with_tf = {'score': 4.744008715765383, 'counts': [8661, 2034, 509, 170], 'totals': [23531, 22333, 21135, 19937], 'precisions': [36.806765543325824, 9.107598620874938, 2.408327418973267, 0.8526859607764458], 'bp': 0.9261608806201278, 'sys_len': 23531, 'ref_len': 25336}
rouge_scores_with_tf = {'rouge-1': {'r': 0.23018200750703194, 'p': 0.2795952547074917, 'f': 0.2506373344456424}, 'rouge-2': {'r': 0.0508314373235703, 'p': 0.057026481302142634, 'f': 0.053403401401660625}, 'rouge-l': {'r': 0.21458291682724345, 'p': 0.2601850623154602, 'f': 0.23346037176628262}}
wer_scores_with_tf = 0.816404077849861
cer_scores_with_tf = 0.6193790938335724
