corpus_bleu_score = [0.15418668529201598, 0.04776217327481776, 0.015738963660103474, 0.006504208895184435]
sacre_blue_score = {'score': 0.4620227049678872, 'counts': [4092, 207, 27, 6], 'totals': [22823, 21625, 20427, 19229], 'precisions': [17.929281864785523, 0.9572254335260115, 0.13217799970627112, 0.031202870664101098], 'bp': 0.8957371896459063, 'sys_len': 22823, 'ref_len': 25336}
rouge_scores = {'rouge-1': {'r': 0.10570325092141127, 'p': 0.11445937873592969, 'f': 0.10345275500600525}, 'rouge-2': {'r': 0.008486236394865827, 'p': 0.010003897595371354, 'f': 0.008514781710575169}, 'rouge-l': {'r': 0.09137119643199587, 'p': 0.09710143612393654, 'f': 0.08836298350286832}}
wer_scores = 1.1200185356811863
cer_scores = 0.8562613852176272
corpus_bleu_score_with_tf = [0.4353058950799016, 0.2555812224915532, 0.15153518296724022, 0.08677435136057961]
sacre_blue_score_with_tf = {'score': 4.676599328969641, 'counts': [8693, 2046, 506, 160], 'totals': [23660, 22462, 21264, 20066], 'precisions': [36.74133558748943, 9.10871694417238, 2.3796087283671934, 0.7973686833449616], 'bp': 0.9316138674533747, 'sys_len': 23660, 'ref_len': 25336}
rouge_scores_with_tf = {'rouge-1': {'r': 0.22761977583736237, 'p': 0.2782443807325608, 'f': 0.24871151325951568}, 'rouge-2': {'r': 0.05082539068012349, 'p': 0.057461542721995024, 'f': 0.05353942732449316}, 'rouge-l': {'r': 0.210827636106557, 'p': 0.2570189202727604, 'f': 0.23011148924829025}}
wer_scores_with_tf = 0.8143188137164041
cer_scores_with_tf = 0.6204720747257858
